1	1		1	0.000
1	1000000		1	0.498
1	2000000		1	0.996
1	3000000		1	1.495
1	4000000		1	1.654
1	5000000		1	1.833
1	6000000		1	1.896
1	7000000		1	1.975
1	8000000		1	2.053
1	9000000		1	2.139
1	10000000		1	2.271
1	11000000		1	2.537
1	12000000		1	2.647
1	13000000		1	3.847
1	14000000		1	4.297
1	15000000		1	4.486
1	16000000		1	4.930
1	17000000		1	5.184
1	18000000		1	5.527
1	19000000		1	5.932
1	20000000		1	6.309
1	21000000		1	6.489
1	22000000		1	8.059
1	23000000		1	9.181
1	24000000		1	9.860
1	25000000		1	10.320
1	26000000		1	10.780
1	27000000		1	10.911
1	28000000		1	11.015
1	29000000		1	11.223
1	30000000		1	11.375
1	31000000		1	11.488
1	32000000		1	11.870
1	33000000		1	12.588
1	34000000		1	12.910
1	35000000		1	13.682
1	36000000		1	15.077
1	37000000		1	15.415
1	38000000		1	16.411
1	39000000		1	17.377
1	40000000		1	18.606
1	41000000		1	20.089
1	42000000		1	20.394
1	43000000		1	22.019
1	44000000		1	23.516
1	45000000		1	23.659
1	46000000		1	23.883
1	47000000		1	24.516
1	48000000		1	25.754
1	49000000		1	25.840
1	50000000		1	25.897
1	51000000		1	25.969
1	52000000		1	26.670
1	53000000		1	26.942
1	54000000		1	27.099
1	55000000		1	28.021
1	56000000		1	28.504
1	57000000		1	28.765
1	58000000		1	28.884
1	59000000		1	29.212
1	60000000		1	30.452
1	61000000		1	30.589
1	62000000		1	31.116
1	63000000		1	31.877
1	64000000		1	32.512
1	65000000		1	32.821
1	66000000		1	33.419
1	67000000		1	33.661
1	68000000		1	33.807
1	69000000		1	34.677
1	70000000		1	35.131
1	71000000		1	35.647
1	72000000		1	36.335
1	73000000		1	36.940
1	74000000		1	38.227
1	75000000		1	38.607
1	76000000		1	39.172
1	77000000		1	39.394
1	78000000		1	39.880
1	79000000		1	40.840
1	80000000		1	41.061
1	81000000		1	41.738
1	82000000		1	42.010
1	83000000		1	42.638
1	84000000		1	43.157
1	85000000		1	43.502
1	86000000		1	43.862
1	87000000		1	44.044
1	88000000		1	44.512
1	89000000		1	44.996
1	90000000		1	45.251
1	91000000		1	45.866
1	92000000		1	46.262
1	93000000		1	46.780
1	94000000		1	47.395
1	95000000		1	47.541
1	96000000		1	47.639
1	97000000		1	47.737
1	98000000		1	48.006
1	99000000		1	48.341
1	100000000		1	48.675
1	101000000		1	48.947
1	102000000		1	49.174
1	103000000		1	49.289
1	104000000		1	49.337
1	105000000		1	49.439
1	106000000		1	49.707
1	107000000		1	50.075
1	108000000		1	50.404
1	109000000		1	50.560
1	110000000		1	50.734
1	111000000		1	50.795
1	112000000		1	50.827
1	113000000		1	50.861
1	114000000		1	50.929
1	115000000		1	51.236
1	116000000		1	51.812
1	117000000		1	52.093
1	118000000		1	52.153
1	119000000		1	52.223
1	120000000		1	52.567
1	121000000		1	52.792
1	122000000		1	53.002
1	123000000		1	53.643
1	124000000		1	53.999
1	125000000		1	54.534
1	126000000		1	54.904
1	127000000		1	55.639
1	128000000		1	55.792
1	129000000		1	56.485
1	130000000		1	56.752
1	131000000		1	56.927
1	132000000		1	57.214
1	133000000		1	57.735
1	134000000		1	58.072
1	135000000		1	58.319
1	136000000		1	59.445
1	137000000		1	59.985
1	138000000		1	60.662
1	139000000		1	60.854
1	140000000		1	61.591
1	141000000		1	62.172
1	142000000		1	62.346
1	143000000		1	62.457
1	144000000		1	62.549
1	145000000		1	63.074
1	146000000		1	63.240
1	147000000		1	63.283
1	148000000		1	63.327
1	149000000		1	63.407
1	150000000		1	63.670
1	151000000		1	63.892
1	152000000		1	64.498
1	153000000		1	65.164
1	154000000		1	65.676
1	155000000		1	66.424
1	156000000		1	67.662
1	157000000		1	67.910
1	158000000		1	68.146
1	159000000		1	68.827
1	160000000		1	69.172
1	161000000		1	69.772
1	162000000		1	69.987
1	163000000		1	70.434
1	164000000		1	71.398
1	165000000		1	72.362
1	166000000		1	73.326
1	167000000		1	74.290
1	168000000		1	75.486
1	169000000		1	76.730
1	170000000		1	76.851
1	171000000		1	78.364
1	172000000		1	79.606
1	173000000		1	80.258
1	174000000		1	80.848
1	175000000		1	81.129
1	176000000		1	81.970
1	177000000		1	82.645
1	178000000		1	82.883
1	179000000		1	83.433
1	180000000		1	84.040
1	181000000		1	84.493
1	182000000		1	84.888
1	183000000		1	86.122
1	184000000		1	88.173
1	185000000		1	89.336
1	186000000		1	89.703
1	187000000		1	90.149
1	188000000		1	92.147
1	189000000		1	93.798
1	190000000		1	95.611
1	191000000		1	96.241
1	192000000		1	97.095
1	193000000		1	97.606
1	194000000		1	98.052
1	195000000		1	98.404
2	1		2	0.000
2	1000000		2	0.557
2	2000000		2	1.114
2	3000000		2	1.670
2	4000000		2	2.301
2	5000000		2	3.127
2	6000000		2	3.627
2	7000000		2	3.845
2	8000000		2	4.865
2	9000000		2	5.999
2	10000000		2	6.809
2	11000000		2	8.443
2	12000000		2	9.085
2	13000000		2	9.682
2	14000000		2	10.314
2	15000000		2	10.946
2	16000000		2	11.577
2	17000000		2	12.209
2	18000000		2	12.814
2	19000000		2	13.120
2	20000000		2	14.440
2	21000000		2	14.745
2	22000000		2	15.108
2	23000000		2	15.237
2	24000000		2	16.052
2	25000000		2	16.900
2	26000000		2	18.307
2	27000000		2	19.102
2	28000000		2	19.338
2	29000000		2	20.185
2	30000000		2	21.172
2	31000000		2	21.769
2	32000000		2	21.938
2	33000000		2	22.263
2	34000000		2	22.743
2	35000000		2	23.253
2	36000000		2	23.709
2	37000000		2	24.143
2	38000000		2	24.308
2	39000000		2	24.430
2	40000000		2	24.503
2	41000000		2	24.643
2	42000000		2	25.149
2	43000000		2	25.412
2	44000000		2	26.307
2	45000000		2	27.325
2	46000000		2	27.523
2	47000000		2	27.669
2	48000000		2	28.121
2	49000000		2	28.468
2	50000000		2	28.807
2	51000000		2	29.587
2	52000000		2	29.973
2	53000000		2	30.400
2	54000000		2	30.745
2	55000000		2	30.914
2	56000000		2	31.460
2	57000000		2	31.938
2	58000000		2	32.944
2	59000000		2	33.482
2	60000000		2	34.315
2	61000000		2	35.120
2	62000000		2	35.740
2	63000000		2	36.636
2	64000000		2	37.359
2	65000000		2	38.353
2	66000000		2	38.891
2	67000000		2	39.270
2	68000000		2	39.441
2	69000000		2	39.646
2	70000000		2	41.014
2	71000000		2	42.113
2	72000000		2	42.924
2	73000000		2	43.480
2	74000000		2	43.918
2	75000000		2	44.200
2	76000000		2	44.801
2	77000000		2	45.376
2	78000000		2	46.575
2	79000000		2	47.229
2	80000000		2	47.871
2	81000000		2	48.623
2	82000000		2	49.017
2	83000000		2	49.176
2	84000000		2	49.361
2	85000000		2	49.494
2	86000000		2	49.729
2	87000000		2	49.847
2	88000000		2	49.959
2	89000000		2	50.023
2	90000000		2	50.134
2	91000000		2	50.436
2	92000000		2	50.806
2	93000000		2	51.336
2	94000000		2	51.680
2	95000000		2	52.013
2	96000000		2	52.241
2	97000000		2	52.354
2	98000000		2	52.651
2	99000000		2	53.090
2	100000000		2	53.305
2	101000000		2	53.613
2	102000000		2	54.058
2	103000000		2	54.281
2	104000000		2	54.509
2	105000000		2	55.023
2	106000000		2	55.471
2	107000000		2	55.941
2	108000000		2	56.192
2	109000000		2	56.460
2	110000000		2	56.667
2	111000000		2	56.738
2	112000000		2	56.926
2	113000000		2	57.225
2	114000000		2	57.556
2	115000000		2	57.945
2	116000000		2	58.419
2	117000000		2	59.035
2	118000000		2	59.324
2	119000000		2	59.756
2	120000000		2	60.165
2	121000000		2	60.373
2	122000000		2	60.504
2	123000000		2	60.654
2	124000000		2	60.792
2	125000000		2	61.248
2	126000000		2	61.649
2	127000000		2	61.922
2	128000000		2	62.158
2	129000000		2	62.752
2	130000000		2	63.195
2	131000000		2	63.276
2	132000000		2	64.079
2	133000000		2	64.874
2	134000000		2	65.390
2	135000000		2	66.103
2	136000000		2	67.067
2	137000000		2	67.705
2	138000000		2	68.087
2	139000000		2	68.468
2	140000000		2	69.042
2	141000000		2	69.762
2	142000000		2	70.295
2	143000000		2	70.818
2	144000000		2	70.945
2	145000000		2	71.071
2	146000000		2	71.286
2	147000000		2	72.572
2	148000000		2	73.299
2	149000000		2	73.635
2	150000000		2	74.145
2	151000000		2	74.766
2	152000000		2	75.002
2	153000000		2	75.405
2	154000000		2	76.096
2	155000000		2	76.916
2	156000000		2	77.312
2	157000000		2	77.940
2	158000000		2	78.548
2	159000000		2	79.078
2	160000000		2	80.585
2	161000000		2	81.149
2	162000000		2	82.452
2	163000000		2	83.943
2	164000000		2	84.551
2	165000000		2	85.361
2	166000000		2	86.257
2	167000000		2	87.176
2	168000000		2	88.213
2	169000000		2	89.126
2	170000000		2	89.874
2	171000000		2	93.009
2	172000000		2	94.717
2	173000000		2	95.655
2	174000000		2	97.667
2	175000000		2	98.207
2	176000000		2	98.678
2	177000000		2	99.148
2	178000000		2	99.618
2	179000000		2	100.789
2	180000000		2	102.516
2	181000000		2	103.546
2	182000000		2	103.901
3	1		3	0.000
3	1000000		3	0.351
3	2000000		3	0.702
3	3000000		3	1.053
3	4000000		3	1.404
3	5000000		3	1.755
3	6000000		3	1.974
3	7000000		3	2.006
3	8000000		3	2.131
3	9000000		3	2.239
3	10000000		3	2.527
3	11000000		3	2.929
3	12000000		3	2.964
3	13000000		3	2.994
3	14000000		3	3.091
3	15000000		3	3.328
3	16000000		3	3.903
3	17000000		3	4.387
3	18000000		3	4.978
3	19000000		3	5.324
3	20000000		3	6.123
3	21000000		3	6.813
3	22000000		3	7.559
3	23000000		3	7.744
3	24000000		3	9.347
3	25000000		3	10.002
3	26000000		3	10.558
3	27000000		3	10.810
3	28000000		3	11.362
3	29000000		3	12.503
3	30000000		3	12.704
3	31000000		3	14.671
3	32000000		3	15.520
3	33000000		3	15.962
3	34000000		3	16.405
3	35000000		3	16.983
3	36000000		3	17.394
3	37000000		3	18.306
3	38000000		3	18.486
3	39000000		3	18.768
3	40000000		3	19.197
3	41000000		3	19.626
3	42000000		3	20.056
3	43000000		3	20.241
3	44000000		3	20.296
3	45000000		3	20.354
3	46000000		3	20.563
3	47000000		3	20.779
3	48000000		3	21.115
3	49000000		3	21.604
3	50000000		3	21.704
3	51000000		3	21.878
3	52000000		3	22.905
3	53000000		3	24.347
3	54000000		3	25.439
3	55000000		3	26.131
3	56000000		3	26.696
3	57000000		3	27.418
3	58000000		3	28.248
3	59000000		3	28.883
3	60000000		3	29.109
3	61000000		3	29.319
3	62000000		3	29.869
3	63000000		3	29.998
3	64000000		3	30.090
3	65000000		3	30.169
3	66000000		3	30.240
3	67000000		3	30.767
3	68000000		3	31.393
3	69000000		3	32.141
3	70000000		3	32.409
3	71000000		3	32.556
3	72000000		3	32.585
3	73000000		3	32.727
3	74000000		3	33.618
3	75000000		3	33.699
3	76000000		3	33.975
3	77000000		3	34.364
3	78000000		3	34.818
3	79000000		3	34.908
3	80000000		3	35.203
3	81000000		3	35.737
3	82000000		3	36.096
3	83000000		3	36.880
3	84000000		3	37.442
3	85000000		3	37.735
3	86000000		3	37.838
3	87000000		3	37.993
3	88000000		3	38.732
3	89000000		3	38.998
3	90000000		3	39.194
3	91000000		3	40.040
3	92000000		3	40.130
3	93000000		3	40.175
3	94000000		3	40.537
3	95000000		3	40.730
3	96000000		3	41.588
3	97000000		3	42.006
3	98000000		3	42.394
3	99000000		3	42.943
3	100000000		3	43.317
3	101000000		3	43.923
3	102000000		3	44.474
3	103000000		3	45.269
3	104000000		3	45.520
3	105000000		3	45.997
3	106000000		3	46.466
3	107000000		3	46.570
3	108000000		3	46.874
3	109000000		3	47.749
3	110000000		3	48.498
3	111000000		3	48.671
3	112000000		3	49.054
3	113000000		3	49.195
3	114000000		3	49.364
3	115000000		3	49.593
3	116000000		3	50.153
3	117000000		3	50.509
3	118000000		3	51.308
3	119000000		3	52.014
3	120000000		3	52.416
3	121000000		3	52.856
3	122000000		3	53.196
3	123000000		3	53.761
3	124000000		3	54.609
3	125000000		3	54.711
3	126000000		3	55.569
3	127000000		3	56.056
3	128000000		3	56.585
3	129000000		3	57.725
3	130000000		3	59.717
3	131000000		3	60.722
3	132000000		3	61.306
3	133000000		3	61.544
3	134000000		3	62.082
3	135000000		3	62.483
3	136000000		3	63.010
3	137000000		3	63.403
3	138000000		3	64.012
3	139000000		3	64.554
3	140000000		3	65.095
3	141000000		3	65.372
3	142000000		3	66.208
3	143000000		3	67.056
3	144000000		3	68.448
3	145000000		3	69.255
3	146000000		3	70.762
3	147000000		3	72.282
3	148000000		3	72.401
3	149000000		3	74.409
3	150000000		3	76.204
3	151000000		3	76.640
3	152000000		3	76.978
3	153000000		3	77.591
3	154000000		3	78.840
3	155000000		3	79.468
3	156000000		3	80.313
3	157000000		3	80.977
3	158000000		3	81.641
3	159000000		3	82.213
3	160000000		3	82.730
4	1		4	0.000
4	1000000		4	0.543
4	2000000		4	1.086
4	3000000		4	1.629
4	4000000		4	2.172
4	5000000		4	2.579
4	6000000		4	2.811
4	7000000		4	3.297
4	8000000		4	3.526
4	9000000		4	3.865
4	10000000		4	4.419
4	11000000		4	4.886
4	12000000		4	5.414
4	13000000		4	5.726
4	14000000		4	6.072
4	15000000		4	6.419
4	16000000		4	6.715
4	17000000		4	7.036
4	18000000		4	7.080
4	19000000		4	7.336
4	20000000		4	7.756
4	21000000		4	8.746
4	22000000		4	9.357
4	23000000		4	10.147
4	24000000		4	10.307
4	25000000		4	10.541
4	26000000		4	10.699
4	27000000		4	11.292
4	28000000		4	11.387
4	29000000		4	12.255
4	30000000		4	13.073
4	31000000		4	13.523
4	32000000		4	13.922
4	33000000		4	14.587
4	34000000		4	16.272
4	35000000		4	17.018
4	36000000		4	18.077
4	37000000		4	19.327
4	38000000		4	19.896
4	39000000		4	20.013
4	40000000		4	20.228
4	41000000		4	20.785
4	42000000		4	22.234
4	43000000		4	22.919
4	44000000		4	23.118
4	45000000		4	23.660
4	46000000		4	24.447
4	47000000		4	25.848
4	48000000		4	26.073
4	49000000		4	26.268
4	50000000		4	27.101
4	51000000		4	27.238
4	52000000		4	27.897
4	53000000		4	28.577
4	54000000		4	28.845
4	55000000		4	29.524
4	56000000		4	30.631
4	57000000		4	31.664
4	58000000		4	31.844
4	59000000		4	32.387
4	60000000		4	32.821
4	61000000		4	32.864
4	62000000		4	32.959
4	63000000		4	33.668
4	64000000		4	34.031
4	65000000		4	34.142
4	66000000		4	34.516
4	67000000		4	34.766
4	68000000		4	34.941
4	69000000		4	35.047
4	70000000		4	35.522
4	71000000		4	35.936
4	72000000		4	35.995
4	73000000		4	36.054
4	74000000		4	36.327
4	75000000		4	36.597
4	76000000		4	36.821
4	77000000		4	37.252
4	78000000		4	37.406
4	79000000		4	37.620
4	80000000		4	37.893
4	81000000		4	37.984
4	82000000		4	38.463
4	83000000		4	39.405
4	84000000		4	39.639
4	85000000		4	40.209
4	86000000		4	40.336
4	87000000		4	40.835
4	88000000		4	41.299
4	89000000		4	42.089
4	90000000		4	42.231
4	91000000		4	42.463
4	92000000		4	43.060
4	93000000		4	43.220
4	94000000		4	43.276
4	95000000		4	43.390
4	96000000		4	44.182
4	97000000		4	44.965
4	98000000		4	45.529
4	99000000		4	45.622
4	100000000		4	45.708
4	101000000		4	46.144
4	102000000		4	46.962
4	103000000		4	47.271
4	104000000		4	47.791
4	105000000		4	48.968
4	106000000		4	49.482
4	107000000		4	49.962
4	108000000		4	50.340
4	109000000		4	50.758
4	110000000		4	51.375
4	111000000		4	51.444
4	112000000		4	51.495
4	113000000		4	51.591
4	114000000		4	51.867
4	115000000		4	52.763
4	116000000		4	53.083
4	117000000		4	53.397
4	118000000		4	54.078
4	119000000		4	55.283
4	120000000		4	55.623
4	121000000		4	56.700
4	122000000		4	57.093
4	123000000		4	57.351
4	124000000		4	57.607
4	125000000		4	57.968
4	126000000		4	59.733
4	127000000		4	61.231
4	128000000		4	61.660
4	129000000		4	62.559
4	130000000		4	63.386
4	131000000		4	64.087
4	132000000		4	64.564
4	133000000		4	66.174
4	134000000		4	66.448
4	135000000		4	67.152
4	136000000		4	68.162
4	137000000		4	69.330
4	138000000		4	70.076
4	139000000		4	70.581
4	140000000		4	71.070
4	141000000		4	73.303
4	142000000		4	75.069
4	143000000		4	76.586
4	144000000		4	77.899
4	145000000		4	78.142
4	146000000		4	78.292
4	147000000		4	78.435
4	148000000		4	78.613
4	149000000		4	78.928
4	150000000		4	80.686
4	151000000		4	81.524
4	152000000		4	82.861
4	153000000		4	83.500
4	154000000		4	83.787
4	155000000		4	85.630
4	156000000		4	87.916
5	1		5	0.000
5	1000000		5	0.591
5	2000000		5	1.183
5	3000000		5	1.774
5	4000000		5	2.312
5	5000000		5	2.716
5	6000000		5	3.081
5	7000000		5	3.290
5	8000000		5	3.394
5	9000000		5	3.531
5	10000000		5	3.726
5	11000000		5	3.813
5	12000000		5	3.901
5	13000000		5	4.225
5	14000000		5	5.556
5	15000000		5	6.469
5	16000000		5	6.593
5	17000000		5	7.888
5	18000000		5	8.134
5	19000000		5	8.480
5	20000000		5	9.070
5	21000000		5	9.744
5	22000000		5	10.000
5	23000000		5	10.158
5	24000000		5	10.632
5	25000000		5	12.088
5	26000000		5	12.425
5	27000000		5	12.952
5	28000000		5	13.798
5	29000000		5	14.738
5	30000000		5	15.650
5	31000000		5	16.930
5	32000000		5	17.303
5	33000000		5	17.464
5	34000000		5	17.849
5	35000000		5	17.975
5	36000000		5	19.006
5	37000000		5	19.497
5	38000000		5	20.231
5	39000000		5	20.850
5	40000000		5	21.213
5	41000000		5	22.245
5	42000000		5	22.926
5	43000000		5	23.511
5	44000000		5	23.917
5	45000000		5	24.670
5	46000000		5	25.662
5	47000000		5	25.943
5	48000000		5	26.205
5	49000000		5	26.585
5	50000000		5	26.845
5	51000000		5	26.932
5	52000000		5	27.360
5	53000000		5	28.901
5	54000000		5	29.693
5	55000000		5	30.529
5	56000000		5	30.772
5	57000000		5	30.895
5	58000000		5	31.217
5	59000000		5	31.672
5	60000000		5	31.795
5	61000000		5	31.918
5	62000000		5	32.011
5	63000000		5	32.377
5	64000000		5	32.813
5	65000000		5	33.544
5	66000000		5	33.953
5	67000000		5	35.983
5	68000000		5	36.546
5	69000000		5	37.003
5	70000000		5	37.152
5	71000000		5	37.591
5	72000000		5	38.101
5	73000000		5	38.570
5	74000000		5	39.324
5	75000000		5	39.543
5	76000000		5	40.316
5	77000000		5	41.450
5	78000000		5	41.826
5	79000000		5	42.202
5	80000000		5	42.420
5	81000000		5	42.598
5	82000000		5	42.851
5	83000000		5	42.943
5	84000000		5	43.017
5	85000000		5	43.056
5	86000000		5	43.312
5	87000000		5	43.587
5	88000000		5	43.901
5	89000000		5	44.213
5	90000000		5	44.419
5	91000000		5	44.759
5	92000000		5	45.400
5	93000000		5	46.061
5	94000000		5	46.722
5	95000000		5	47.312
5	96000000		5	47.463
5	97000000		5	47.614
5	98000000		5	47.765
5	99000000		5	48.195
5	100000000		5	48.475
5	101000000		5	48.536
5	102000000		5	49.013
5	103000000		5	49.624
5	104000000		5	50.519
5	105000000		5	50.678
5	106000000		5	51.180
5	107000000		5	51.727
5	108000000		5	52.618
5	109000000		5	53.228
5	110000000		5	53.294
5	111000000		5	53.755
5	112000000		5	54.467
5	113000000		5	55.283
5	114000000		5	55.929
5	115000000		5	56.024
5	116000000		5	56.226
5	117000000		5	56.785
5	118000000		5	57.832
5	119000000		5	60.095
5	120000000		5	60.541
5	121000000		5	61.169
5	122000000		5	62.105
5	123000000		5	62.717
5	124000000		5	63.329
5	125000000		5	63.941
5	126000000		5	64.553
5	127000000		5	65.298
5	128000000		5	66.702
5	129000000		5	67.975
5	130000000		5	68.565
5	131000000		5	70.197
5	132000000		5	71.582
5	133000000		5	72.382
5	134000000		5	74.272
5	135000000		5	74.935
5	136000000		5	75.649
5	137000000		5	76.195
5	138000000		5	76.927
5	139000000		5	77.847
5	140000000		5	78.845
5	141000000		5	79.501
5	142000000		5	80.985
5	143000000		5	81.863
5	144000000		5	82.826
5	145000000		5	84.926
5	146000000		5	85.193
5	147000000		5	86.681
5	148000000		5	88.137
5	149000000		5	89.121
5	150000000		5	89.237
5	151000000		5	89.832
6	1		6	0.000
6	1000000		6	0.436
6	2000000		6	0.872
6	3000000		6	1.309
6	4000000		6	1.745
6	5000000		6	1.942
6	6000000		6	2.325
6	7000000		6	2.796
6	8000000		6	3.431
6	9000000		6	4.395
6	10000000		6	4.548
6	11000000		6	4.841
6	12000000		6	5.083
6	13000000		6	5.378
6	14000000		6	5.896
6	15000000		6	6.578
6	16000000		6	7.123
6	17000000		6	7.667
6	18000000		6	8.074
6	19000000		6	8.128
6	20000000		6	8.257
6	21000000		6	8.540
6	22000000		6	8.875
6	23000000		6	10.143
6	24000000		6	11.195
6	25000000		6	11.435
6	26000000		6	11.797
6	27000000		6	11.942
6	28000000		6	11.991
6	29000000		6	12.213
6	30000000		6	12.449
6	31000000		6	12.548
6	32000000		6	12.802
6	33000000		6	14.032
6	34000000		6	14.846
6	35000000		6	15.202
6	36000000		6	15.400
6	37000000		6	15.831
6	38000000		6	17.294
6	39000000		6	17.955
6	40000000		6	18.591
6	41000000		6	19.410
6	42000000		6	20.333
6	43000000		6	20.985
6	44000000		6	21.456
6	45000000		6	21.762
6	46000000		6	22.016
6	47000000		6	22.569
6	48000000		6	23.095
6	49000000		6	23.800
6	50000000		6	24.059
6	51000000		6	24.512
6	52000000		6	25.330
6	53000000		6	25.762
6	54000000		6	26.467
6	55000000		6	27.216
6	56000000		6	27.592
6	57000000		6	27.757
6	58000000		6	27.831
6	59000000		6	28.403
6	60000000		6	28.871
6	61000000		6	29.194
6	62000000		6	29.346
6	63000000		6	29.655
6	64000000		6	29.913
6	65000000		6	30.117
6	66000000		6	30.429
6	67000000		6	30.740
6	68000000		6	31.052
6	69000000		6	31.364
6	70000000		6	31.694
6	71000000		6	32.076
6	72000000		6	32.222
6	73000000		6	32.339
6	74000000		6	32.439
6	75000000		6	32.497
6	76000000		6	32.817
6	77000000		6	33.639
6	78000000		6	34.699
6	79000000		6	34.872
6	80000000		6	35.045
6	81000000		6	35.254
6	82000000		6	35.820
6	83000000		6	35.930
6	84000000		6	36.178
6	85000000		6	37.028
6	86000000		6	37.545
6	87000000		6	37.832
6	88000000		6	39.159
6	89000000		6	39.731
6	90000000		6	40.038
6	91000000		6	40.326
6	92000000		6	40.914
6	93000000		6	41.779
6	94000000		6	42.742
6	95000000		6	43.916
6	96000000		6	44.694
6	97000000		6	44.863
6	98000000		6	45.303
6	99000000		6	45.791
6	100000000		6	46.486
6	101000000		6	46.938
6	102000000		6	47.509
6	103000000		6	47.698
6	104000000		6	48.197
6	105000000		6	48.850
6	106000000		6	49.056
6	107000000		6	49.369
6	108000000		6	49.742
6	109000000		6	49.889
6	110000000		6	50.302
6	111000000		6	51.539
6	112000000		6	52.053
6	113000000		6	52.721
6	114000000		6	52.922
6	115000000		6	53.170
6	116000000		6	53.736
6	117000000		6	54.467
6	118000000		6	55.490
6	119000000		6	56.335
6	120000000		6	56.897
6	121000000		6	57.041
6	122000000		6	57.505
6	123000000		6	58.266
6	124000000		6	59.045
6	125000000		6	59.226
6	126000000		6	60.364
6	127000000		6	61.934
6	128000000		6	62.827
6	129000000		6	63.118
6	130000000		6	63.310
6	131000000		6	63.533
6	132000000		6	63.790
6	133000000		6	64.065
6	134000000		6	64.558
6	135000000		6	65.921
6	136000000		6	66.463
6	137000000		6	66.733
6	138000000		6	67.913
6	139000000		6	69.392
6	140000000		6	69.775
6	141000000		6	71.408
6	142000000		6	73.259
6	143000000		6	75.111
6	144000000		6	76.161
6	145000000		6	77.268
6	146000000		6	77.645
6	147000000		6	77.963
6	148000000		6	78.398
6	149000000		6	78.717
7	1		7	0.000
7	1000000		7	0.609
7	2000000		7	1.217
7	3000000		7	1.826
7	4000000		7	2.434
7	5000000		7	3.043
7	6000000		7	3.652
7	7000000		7	4.260
7	8000000		7	4.869
7	9000000		7	5.477
7	10000000		7	6.086
7	11000000		7	6.695
7	12000000		7	7.303
7	13000000		7	7.732
7	14000000		7	8.084
7	15000000		7	8.360
7	16000000		7	8.700
7	17000000		7	8.995
7	18000000		7	9.245
7	19000000		7	9.436
7	20000000		7	9.960
7	21000000		7	10.033
7	22000000		7	10.107
7	23000000		7	10.180
7	24000000		7	10.254
7	25000000		7	13.295
7	26000000		7	14.084
7	27000000		7	15.731
7	28000000		7	16.216
7	29000000		7	16.925
7	30000000		7	17.283
7	31000000		7	19.280
7	32000000		7	19.338
7	33000000		7	19.350
7	34000000		7	19.381
7	35000000		7	20.791
7	36000000		7	21.824
7	37000000		7	23.613
7	38000000		7	25.292
7	39000000		7	25.425
7	40000000		7	25.714
7	41000000		7	27.910
7	42000000		7	28.147
7	43000000		7	28.253
7	44000000		7	28.441
7	45000000		7	29.091
7	46000000		7	29.586
7	47000000		7	30.636
7	48000000		7	30.947
7	49000000		7	31.197
7	50000000		7	31.817
7	51000000		7	32.592
7	52000000		7	32.854
7	53000000		7	33.040
7	54000000		7	33.132
7	55000000		7	33.307
7	56000000		7	33.432
7	57000000		7	33.501
7	58000000		7	33.626
7	59000000		7	33.932
7	60000000		7	34.061
7	61000000		7	34.190
7	62000000		7	34.320
7	63000000		7	34.449
7	64000000		7	34.579
7	65000000		7	34.903
7	66000000		7	35.452
7	67000000		7	36.410
7	68000000		7	37.332
7	69000000		7	37.950
7	70000000		7	38.483
7	71000000		7	40.151
7	72000000		7	41.208
7	73000000		7	41.636
7	74000000		7	42.274
7	75000000		7	43.570
7	76000000		7	43.836
7	77000000		7	43.930
7	78000000		7	43.991
7	79000000		7	44.864
7	80000000		7	45.341
7	81000000		7	45.685
7	82000000		7	46.760
7	83000000		7	47.334
7	84000000		7	48.153
7	85000000		7	48.389
7	86000000		7	48.448
7	87000000		7	48.663
7	88000000		7	49.072
7	89000000		7	49.309
7	90000000		7	50.418
7	91000000		7	51.028
7	92000000		7	51.342
7	93000000		7	51.636
7	94000000		7	51.860
7	95000000		7	52.095
7	96000000		7	52.218
7	97000000		7	53.347
7	98000000		7	53.595
7	99000000		7	53.969
7	100000000		7	54.289
7	101000000		7	54.468
7	102000000		7	54.666
7	103000000		7	54.798
7	104000000		7	55.251
7	105000000		7	55.785
7	106000000		7	55.966
7	107000000		7	56.091
7	108000000		7	56.832
7	109000000		7	57.358
7	110000000		7	57.622
7	111000000		7	57.962
7	112000000		7	58.670
7	113000000		7	59.136
7	114000000		7	59.280
7	115000000		7	60.582
7	116000000		7	61.495
7	117000000		7	62.261
7	118000000		7	63.283
7	119000000		7	63.719
7	120000000		7	64.335
7	121000000		7	64.976
7	122000000		7	65.593
7	123000000		7	66.933
7	124000000		7	67.579
7	125000000		7	68.285
7	126000000		7	69.002
7	127000000		7	69.339
7	128000000		7	69.890
7	129000000		7	70.923
7	130000000		7	72.649
7	131000000		7	73.198
7	132000000		7	75.553
7	133000000		7	76.319
7	134000000		7	77.827
7	135000000		7	81.015
7	136000000		7	81.577
7	137000000		7	82.136
7	138000000		7	82.700
7	139000000		7	83.867
7	140000000		7	85.060
7	141000000		7	86.254
7	142000000		7	87.448
7	143000000		7	88.097
7	144000000		7	88.426
7	145000000		7	88.950
8	1		8	0.000
8	1000000		8	0.517
8	2000000		8	1.035
8	3000000		8	1.552
8	4000000		8	1.957
8	5000000		8	2.117
8	6000000		8	2.284
8	7000000		8	2.537
8	8000000		8	2.870
8	9000000		8	3.831
8	10000000		8	4.392
8	11000000		8	4.953
8	12000000		8	5.514
8	13000000		8	6.029
8	14000000		8	6.489
8	15000000		8	7.663
8	16000000		8	8.386
8	17000000		8	8.803
8	18000000		8	9.632
8	19000000		8	10.311
8	20000000		8	10.341
8	21000000		8	10.616
8	22000000		8	11.050
8	23000000		8	11.433
8	24000000		8	12.004
8	25000000		8	13.503
8	26000000		8	14.283
8	27000000		8	15.844
8	28000000		8	16.252
8	29000000		8	16.504
8	30000000		8	16.750
8	31000000		8	17.786
8	32000000		8	18.867
8	33000000		8	19.253
8	34000000		8	20.886
8	35000000		8	21.143
8	36000000		8	22.358
8	37000000		8	23.198
8	38000000		8	23.420
8	39000000		8	23.590
8	40000000		8	23.759
8	41000000		8	23.934
8	42000000		8	24.128
8	43000000		8	24.323
8	44000000		8	24.517
8	45000000		8	24.955
8	46000000		8	26.010
8	47000000		8	26.484
8	48000000		8	26.967
8	49000000		8	27.329
8	50000000		8	28.176
8	51000000		8	28.868
8	52000000		8	28.981
8	53000000		8	29.093
8	54000000		8	29.206
8	55000000		8	29.360
8	56000000		8	29.575
8	57000000		8	29.753
8	58000000		8	30.546
8	59000000		8	30.766
8	60000000		8	30.852
8	61000000		8	30.921
8	62000000		8	31.520
8	63000000		8	31.985
8	64000000		8	32.175
8	65000000		8	32.510
8	66000000		8	33.094
8	67000000		8	33.212
8	68000000		8	33.542
8	69000000		8	33.856
8	70000000		8	34.075
8	71000000		8	34.333
8	72000000		8	34.728
8	73000000		8	35.131
8	74000000		8	35.347
8	75000000		8	35.513
8	76000000		8	35.765
8	77000000		8	36.418
8	78000000		8	36.735
8	79000000		8	37.346
8	80000000		8	37.966
8	81000000		8	38.619
8	82000000		8	39.236
8	83000000		8	39.588
8	84000000		8	40.291
8	85000000		8	41.413
8	86000000		8	41.670
8	87000000		8	42.119
8	88000000		8	42.671
8	89000000		8	43.510
8	90000000		8	43.912
8	91000000		8	44.256
8	92000000		8	44.642
8	93000000		8	45.193
8	94000000		8	46.129
8	95000000		8	46.881
8	96000000		8	48.155
8	97000000		8	48.405
8	98000000		8	48.802
8	99000000		8	49.408
8	100000000		8	49.650
8	101000000		8	49.939
8	102000000		8	50.238
8	103000000		8	52.766
8	104000000		8	52.930
8	105000000		8	53.061
8	106000000		8	53.132
8	107000000		8	53.583
8	108000000		8	55.036
8	109000000		8	56.326
8	110000000		8	57.383
8	111000000		8	57.774
8	112000000		8	58.314
8	113000000		8	59.063
8	114000000		8	60.371
8	115000000		8	61.927
8	116000000		8	62.776
8	117000000		8	63.580
8	118000000		8	65.738
8	119000000		8	66.895
8	120000000		8	68.775
8	121000000		8	70.242
8	122000000		8	70.793
8	123000000		8	71.999
8	124000000		8	72.329
8	125000000		8	73.117
8	126000000		8	73.688
8	127000000		8	74.648
8	128000000		8	75.182
8	129000000		8	76.261
9	1		9	0.000
9	1000000		9	0.336
9	2000000		9	0.672
9	3000000		9	1.008
9	4000000		9	1.344
9	5000000		9	1.680
9	6000000		9	2.015
9	7000000		9	2.351
9	8000000		9	2.486
9	9000000		9	2.528
9	10000000		9	2.569
9	11000000		9	2.611
9	12000000		9	2.697
9	13000000		9	2.992
9	14000000		9	3.654
9	15000000		9	4.516
9	16000000		9	5.179
9	17000000		9	5.398
9	18000000		9	7.059
9	19000000		9	7.278
9	20000000		9	7.497
9	21000000		9	7.716
9	22000000		9	8.034
9	23000000		9	9.358
9	24000000		9	9.732
9	25000000		9	10.107
9	26000000		9	11.187
9	27000000		9	12.701
9	28000000		9	14.215
9	29000000		9	14.377
9	30000000		9	15.663
9	31000000		9	16.477
9	32000000		9	17.206
9	33000000		9	17.935
9	34000000		9	18.251
9	35000000		9	19.499
9	36000000		9	20.501
9	37000000		9	20.709
9	38000000		9	20.812
9	39000000		9	20.929
9	40000000		9	21.214
9	41000000		9	21.899
9	42000000		9	23.541
9	43000000		9	24.159
9	44000000		9	24.496
9	45000000		9	24.881
9	46000000		9	25.322
9	47000000		9	25.624
9	48000000		9	26.207
9	49000000		9	26.549
9	50000000		9	26.958
9	51000000		9	27.821
9	52000000		9	28.605
9	53000000		9	29.055
9	54000000		9	29.411
9	55000000		9	29.824
9	56000000		9	30.132
9	57000000		9	30.665
9	58000000		9	31.588
9	59000000		9	31.900
9	60000000		9	32.345
9	61000000		9	33.105
9	62000000		9	33.517
9	63000000		9	33.917
9	64000000		9	34.456
9	65000000		9	35.059
9	66000000		9	35.663
9	67000000		9	36.267
9	68000000		9	36.870
9	69000000		9	38.147
9	70000000		9	39.149
9	71000000		9	39.689
9	72000000		9	39.954
9	73000000		9	40.387
9	74000000		9	40.983
9	75000000		9	42.229
9	76000000		9	42.410
9	77000000		9	42.737
9	78000000		9	43.459
9	79000000		9	43.694
9	80000000		9	43.857
9	81000000		9	44.333
9	82000000		9	44.783
9	83000000		9	45.232
9	84000000		9	45.709
9	85000000		9	45.963
9	86000000		9	46.443
9	87000000		9	46.698
9	88000000		9	47.154
9	89000000		9	47.244
9	90000000		9	47.500
9	91000000		9	48.022
9	92000000		9	48.340
9	93000000		9	48.514
9	94000000		9	48.688
9	95000000		9	49.668
9	96000000		9	50.277
9	97000000		9	50.828
9	98000000		9	51.315
9	99000000		9	51.486
9	100000000		9	52.412
9	101000000		9	53.103
9	102000000		9	54.172
9	103000000		9	54.874
9	104000000		9	56.259
9	105000000		9	56.649
9	106000000		9	57.387
9	107000000		9	57.988
9	108000000		9	59.106
9	109000000		9	59.634
9	110000000		9	59.838
9	111000000		9	60.838
9	112000000		9	62.406
9	113000000		9	63.631
9	114000000		9	64.190
9	115000000		9	66.233
9	116000000		9	68.270
9	117000000		9	69.021
9	118000000		9	69.861
9	119000000		9	71.319
9	120000000		9	71.407
9	121000000		9	72.211
9	122000000		9	72.725
9	123000000		9	73.376
9	124000000		9	74.961
10	1		10	0.000
10	1000000		10	0.255
10	2000000		10	0.511
10	3000000		10	0.766
10	4000000		10	1.021
10	5000000		10	1.276
10	6000000		10	1.532
10	7000000		10	1.787
10	8000000		10	2.586
10	9000000		10	2.922
10	10000000		10	3.273
10	11000000		10	3.544
10	12000000		10	3.729
10	13000000		10	4.403
10	14000000		10	5.186
10	15000000		10	5.569
10	16000000		10	6.111
10	17000000		10	6.774
10	18000000		10	7.437
10	19000000		10	8.100
10	20000000		10	8.933
10	21000000		10	9.771
10	22000000		10	9.872
10	23000000		10	10.416
10	24000000		10	11.411
10	25000000		10	12.187
10	26000000		10	13.042
10	27000000		10	14.233
10	28000000		10	14.991
10	29000000		10	16.490
10	30000000		10	16.849
10	31000000		10	17.234
10	32000000		10	17.728
10	33000000		10	18.238
10	34000000		10	18.747
10	35000000		10	19.003
10	36000000		10	19.195
10	37000000		10	19.450
10	38000000		10	19.739
10	39000000		10	20.027
10	40000000		10	21.351
10	41000000		10	22.071
10	42000000		10	22.778
10	43000000		10	22.927
10	44000000		10	23.139
10	45000000		10	23.471
10	46000000		10	24.038
10	47000000		10	24.507
10	48000000		10	24.714
10	49000000		10	24.836
10	50000000		10	25.028
10	51000000		10	25.698
10	52000000		10	26.367
10	53000000		10	26.941
10	54000000		10	27.443
10	55000000		10	27.945
10	56000000		10	28.447
10	57000000		10	28.948
10	58000000		10	29.286
10	59000000		10	29.478
10	60000000		10	29.669
10	61000000		10	32.124
10	62000000		10	32.290
10	63000000		10	32.455
10	64000000		10	33.090
10	65000000		10	34.148
10	66000000		10	34.620
10	67000000		10	34.871
10	68000000		10	35.063
10	69000000		10	36.007
10	70000000		10	36.407
10	71000000		10	36.771
10	72000000		10	37.043
10	73000000		10	37.496
10	74000000		10	38.042
10	75000000		10	38.502
10	76000000		10	38.651
10	77000000		10	38.995
10	78000000		10	39.266
10	79000000		10	39.536
10	80000000		10	39.814
10	81000000		10	40.107
10	82000000		10	40.400
10	83000000		10	40.774
10	84000000		10	41.314
10	85000000		10	41.622
10	86000000		10	41.946
10	87000000		10	43.382
10	88000000		10	43.749
10	89000000		10	44.470
10	90000000		10	45.219
10	91000000		10	45.485
10	92000000		10	46.616
10	93000000		10	47.593
10	94000000		10	48.747
10	95000000		10	49.184
10	96000000		10	49.620
10	97000000		10	50.057
10	98000000		10	50.512
10	99000000		10	50.976
10	100000000		10	51.367
10	101000000		10	51.811
10	102000000		10	52.876
10	103000000		10	53.783
10	104000000		10	54.403
10	105000000		10	54.801
10	106000000		10	55.234
10	107000000		10	55.767
10	108000000		10	56.299
10	109000000		10	56.832
10	110000000		10	57.364
10	111000000		10	57.957
10	112000000		10	59.998
10	113000000		10	60.936
10	114000000		10	61.340
10	115000000		10	62.573
10	116000000		10	64.367
10	117000000		10	65.008
10	118000000		10	66.534
10	119000000		10	67.021
10	120000000		10	67.765
10	121000000		10	68.888
10	122000000		10	70.093
10	123000000		10	70.795
10	124000000		10	72.088
10	125000000		10	72.479
10	126000000		10	73.623
10	127000000		10	74.086
10	128000000		10	76.400
10	129000000		10	77.214
10	130000000		10	77.650
11	1		11	0.000
11	1000000		11	0.704
11	2000000		11	1.409
11	3000000		11	2.113
11	4000000		11	2.818
11	5000000		11	3.167
11	6000000		11	3.904
11	7000000		11	4.702
11	8000000		11	4.863
11	9000000		11	5.751
11	10000000		11	6.163
11	11000000		11	6.402
11	12000000		11	7.193
11	13000000		11	7.919
11	14000000		11	8.125
11	15000000		11	8.635
11	16000000		11	8.826
11	17000000		11	9.673
11	18000000		11	10.488
11	19000000		11	11.243
11	20000000		11	12.870
11	21000000		11	13.735
11	22000000		11	14.100
11	23000000		11	14.247
11	24000000		11	14.394
11	25000000		11	15.282
11	26000000		11	15.630
11	27000000		11	15.977
11	28000000		11	16.155
11	29000000		11	16.387
11	30000000		11	17.265
11	31000000		11	18.296
11	32000000		11	18.732
11	33000000		11	19.063
11	34000000		11	19.540
11	35000000		11	19.991
11	36000000		11	21.671
11	37000000		11	22.708
11	38000000		11	23.577
11	39000000		11	23.688
11	40000000		11	24.198
11	41000000		11	24.485
11	42000000		11	24.892
11	43000000		11	25.592
11	44000000		11	25.875
11	45000000		11	27.296
11	46000000		11	27.511
11	47000000		11	28.098
11	48000000		11	28.400
11	49000000		11	28.995
11	50000000		11	30.129
11	51000000		11	30.963
11	52000000		11	31.474
11	53000000		11	31.922
11	54000000		11	32.080
11	55000000		11	32.588
11	56000000		11	33.377
11	57000000		11	34.501
11	58000000		11	35.629
11	59000000		11	36.408
11	60000000		11	37.775
11	61000000		11	37.894
11	62000000		11	38.152
11	63000000		11	38.884
11	64000000		11	39.836
11	65000000		11	40.424
11	66000000		11	40.544
11	67000000		11	40.752
11	68000000		11	41.428
11	69000000		11	42.255
11	70000000		11	42.925
11	71000000		11	43.272
11	72000000		11	43.824
11	73000000		11	45.086
11	74000000		11	45.528
11	75000000		11	45.798
11	76000000		11	45.912
11	77000000		11	46.189
11	78000000		11	46.547
11	79000000		11	46.780
11	80000000		11	47.337
11	81000000		11	48.466
11	82000000		11	49.595
11	83000000		11	50.259
11	84000000		11	51.259
11	85000000		11	51.327
11	86000000		11	51.549
11	87000000		11	51.942
11	88000000		11	52.301
11	89000000		11	54.114
11	90000000		11	54.738
11	91000000		11	55.650
11	92000000		11	56.925
11	93000000		11	58.334
11	94000000		11	58.857
11	95000000		11	58.967
11	96000000		11	59.129
11	97000000		11	60.304
11	98000000		11	61.363
11	99000000		11	62.784
11	100000000		11	63.363
11	101000000		11	64.024
11	102000000		11	65.693
11	103000000		11	66.650
11	104000000		11	67.603
11	105000000		11	68.417
11	106000000		11	68.848
11	107000000		11	70.105
11	108000000		11	71.476
11	109000000		11	71.850
11	110000000		11	73.037
11	111000000		11	74.660
11	112000000		11	75.694
11	113000000		11	78.557
11	114000000		11	79.463
11	115000000		11	80.572
11	116000000		11	81.002
11	117000000		11	81.734
11	118000000		11	83.023
11	119000000		11	83.328
11	120000000		11	83.983
11	121000000		11	84.802
11	122000000		11	88.019
12	1		12	0.000
12	1000000		12	0.503
12	2000000		12	1.006
12	3000000		12	1.508
12	4000000		12	1.998
12	5000000		12	2.288
12	6000000		12	2.801
12	7000000		12	2.896
12	8000000		12	3.409
12	9000000		12	3.972
12	10000000		12	4.825
12	11000000		12	5.508
12	12000000		12	5.639
12	13000000		12	6.157
12	14000000		12	6.909
12	15000000		12	7.047
12	16000000		12	7.497
12	17000000		12	8.047
12	18000000		12	8.146
12	19000000		12	8.198
12	20000000		12	8.250
12	21000000		12	8.302
12	22000000		12	8.353
12	23000000		12	8.405
12	24000000		12	8.457
12	25000000		12	8.548
12	26000000		12	9.439
12	27000000		12	9.827
12	28000000		12	10.562
12	29000000		12	11.629
12	30000000		12	12.545
12	31000000		12	13.066
12	32000000		12	13.706
12	33000000		12	13.954
12	34000000		12	14.829
12	35000000		12	15.626
12	36000000		12	16.205
12	37000000		12	16.809
12	38000000		12	17.476
12	39000000		12	17.867
12	40000000		12	18.142
12	41000000		12	18.639
12	42000000		12	19.081
12	43000000		12	19.436
12	44000000		12	20.219
12	45000000		12	20.845
12	46000000		12	21.177
12	47000000		12	21.486
12	48000000		12	21.693
12	49000000		12	21.753
12	50000000		12	21.874
12	51000000		12	22.031
12	52000000		12	22.136
12	53000000		12	22.247
12	54000000		12	22.819
12	55000000		12	23.849
12	56000000		12	24.207
12	57000000		12	24.613
12	58000000		12	25.463
12	59000000		12	25.950
12	60000000		12	26.135
12	61000000		12	26.439
12	62000000		12	26.632
12	63000000		12	26.703
12	64000000		12	26.737
12	65000000		12	27.138
12	66000000		12	27.407
12	67000000		12	27.929
12	68000000		12	28.687
12	69000000		12	28.790
12	70000000		12	28.983
12	71000000		12	29.347
12	72000000		12	30.115
12	73000000		12	30.367
12	74000000		12	32.075
12	75000000		12	32.629
12	76000000		12	33.349
12	77000000		12	34.275
12	78000000		12	35.381
12	79000000		12	35.855
12	80000000		12	36.426
12	81000000		12	37.252
12	82000000		12	38.005
12	83000000		12	38.373
12	84000000		12	38.931
12	85000000		12	39.490
12	86000000		12	40.040
12	87000000		12	41.149
12	88000000		12	42.194
12	89000000		12	43.271
12	90000000		12	43.780
12	91000000		12	44.140
12	92000000		12	45.022
12	93000000		12	45.200
12	94000000		12	45.428
12	95000000		12	45.901
12	96000000		12	46.403
12	97000000		12	47.279
12	98000000		12	49.137
12	99000000		12	49.907
12	100000000		12	50.342
12	101000000		12	51.153
12	102000000		12	51.353
12	103000000		12	52.568
12	104000000		12	53.245
12	105000000		12	55.029
12	106000000		12	56.351
12	107000000		12	57.715
12	108000000		12	59.144
12	109000000		12	59.916
12	110000000		12	60.521
12	111000000		12	60.914
12	112000000		12	61.133
12	113000000		12	61.503
12	114000000		12	62.265
12	115000000		12	62.455
12	116000000		12	62.601
12	117000000		12	62.854
12	118000000		12	63.217
12	119000000		12	63.517
12	120000000		12	63.894
13	1		13	0.000
13	1000000		13	0.557
13	2000000		13	1.114
13	3000000		13	1.672
13	4000000		13	2.229
13	5000000		13	2.744
13	6000000		13	3.014
13	7000000		13	3.297
13	8000000		13	3.459
13	9000000		13	3.611
13	10000000		13	3.761
13	11000000		13	4.117
13	12000000		13	4.481
13	13000000		13	5.157
13	14000000		13	5.294
13	15000000		13	5.380
13	16000000		13	5.682
13	17000000		13	5.951
13	18000000		13	6.201
13	19000000		13	6.841
13	20000000		13	7.175
13	21000000		13	7.588
13	22000000		13	8.118
13	23000000		13	9.298
13	24000000		13	10.039
13	25000000		13	10.841
13	26000000		13	11.648
13	27000000		13	12.217
13	28000000		13	12.655
13	29000000		13	12.862
13	30000000		13	13.069
13	31000000		13	13.277
13	32000000		13	13.484
13	33000000		13	13.691
13	34000000		13	13.898
13	35000000		13	14.105
13	36000000		13	14.313
13	37000000		13	15.257
13	38000000		13	17.879
13	39000000		13	18.663
13	40000000		13	19.448
13	41000000		13	20.233
13	42000000		13	20.704
13	43000000		13	21.266
13	44000000		13	21.610
13	45000000		13	21.733
13	46000000		13	22.959
13	47000000		13	24.136
13	48000000		13	24.775
13	49000000		13	25.162
13	50000000		13	25.550
13	51000000		13	25.938
13	52000000		13	26.628
13	53000000		13	27.584
13	54000000		13	28.365
13	55000000		13	29.541
13	56000000		13	30.063
13	57000000		13	30.458
13	58000000		13	30.880
13	59000000		13	31.394
13	60000000		13	31.892
13	61000000		13	32.623
13	62000000		13	32.731
13	63000000		13	32.777
13	64000000		13	33.110
13	65000000		13	34.226
13	66000000		13	34.500
13	67000000		13	34.536
13	68000000		13	34.921
13	69000000		13	35.399
13	70000000		13	35.777
13	71000000		13	36.926
13	72000000		13	38.474
13	73000000		13	39.569
13	74000000		13	40.145
13	75000000		13	40.650
13	76000000		13	40.953
13	77000000		13	41.044
13	78000000		13	41.356
13	79000000		13	41.502
13	80000000		13	41.753
13	81000000		13	42.137
13	82000000		13	43.329
13	83000000		13	43.792
13	84000000		13	44.177
13	85000000		13	44.990
13	86000000		13	45.079
13	87000000		13	45.118
13	88000000		13	45.221
13	89000000		13	45.356
13	90000000		13	45.536
13	91000000		13	46.480
13	92000000		13	47.470
13	93000000		13	47.797
13	94000000		13	48.269
13	95000000		13	49.352
13	96000000		13	50.477
13	97000000		13	50.656
13	98000000		13	51.668
13	99000000		13	52.243
13	100000000		13	52.998
13	101000000		13	53.417
13	102000000		13	54.186
13	103000000		13	55.233
13	104000000		13	56.292
13	105000000		13	56.878
13	106000000		13	57.447
13	107000000		13	58.200
13	108000000		13	59.472
13	109000000		13	59.776
13	110000000		13	61.148
13	111000000		13	63.075
13	112000000		13	63.666
13	113000000		13	63.935
13	114000000		13	64.061
13	115000000		13	64.626
13	116000000		13	64.784
13	117000000		13	65.362
13	118000000		13	66.689
13	119000000		13	67.173
13	120000000		13	67.730
14	1		14	0.000
14	1000000		14	0.583
14	2000000		14	1.166
14	3000000		14	1.750
14	4000000		14	2.333
14	5000000		14	2.916
14	6000000		14	3.499
14	7000000		14	4.082
14	8000000		14	4.666
14	9000000		14	5.140
14	10000000		14	5.826
14	11000000		14	6.173
14	12000000		14	6.373
14	13000000		14	6.763
14	14000000		14	6.919
14	15000000		14	6.989
14	16000000		14	7.060
14	17000000		14	7.919
14	18000000		14	9.088
14	19000000		14	10.256
14	20000000		14	11.349
14	21000000		14	11.563
14	22000000		14	12.011
14	23000000		14	12.828
14	24000000		14	14.178
14	25000000		14	14.530
14	26000000		14	15.364
14	27000000		14	16.197
14	28000000		14	16.608
14	29000000		14	17.023
14	30000000		14	18.391
14	31000000		14	19.087
14	32000000		14	19.295
14	33000000		14	19.972
14	34000000		14	20.755
14	35000000		14	20.852
14	36000000		14	20.898
14	37000000		14	21.275
14	38000000		14	21.951
14	39000000		14	22.221
14	40000000		14	22.287
14	41000000		14	22.361
14	42000000		14	22.417
14	43000000		14	22.473
14	44000000		14	22.529
14	45000000		14	22.683
14	46000000		14	23.643
14	47000000		14	24.401
14	48000000		14	24.826
14	49000000		14	25.452
14	50000000		14	25.899
14	51000000		14	26.289
14	52000000		14	26.679
14	53000000		14	27.068
14	54000000		14	27.458
14	55000000		14	27.848
14	56000000		14	28.224
14	57000000		14	29.083
14	58000000		14	30.427
14	59000000		14	31.254
14	60000000		14	31.557
14	61000000		14	32.073
14	62000000		14	33.173
14	63000000		14	33.240
14	64000000		14	33.361
14	65000000		14	33.826
14	66000000		14	34.370
14	67000000		14	34.613
14	68000000		14	35.195
14	69000000		14	35.969
14	70000000		14	36.153
14	71000000		14	36.825
14	72000000		14	37.433
14	73000000		14	38.508
14	74000000		14	39.126
14	75000000		14	39.516
14	76000000		14	40.334
14	77000000		14	40.655
14	78000000		14	41.122
14	79000000		14	42.112
14	80000000		14	42.777
14	81000000		14	42.890
14	82000000		14	43.090
14	83000000		14	43.256
14	84000000		14	43.431
14	85000000		14	43.598
14	86000000		14	43.752
14	87000000		14	44.055
14	88000000		14	44.246
14	89000000		14	44.456
14	90000000		14	44.887
14	91000000		14	45.173
14	92000000		14	45.455
14	93000000		14	45.767
14	94000000		14	46.147
14	95000000		14	46.668
14	96000000		14	47.126
14	97000000		14	47.733
14	98000000		14	48.409
14	99000000		14	49.122
14	100000000		14	49.898
14	101000000		14	50.732
14	102000000		14	51.867
14	103000000		14	53.075
14	104000000		14	54.283
14	105000000		14	55.490
14	106000000		14	56.153
14	107000000		14	56.209
14	108000000		14	56.351
14	109000000		14	56.700
14	110000000		14	57.072
14	111000000		14	57.529
14	112000000		14	57.850
14	113000000		14	58.344
14	114000000		14	58.896
14	115000000		14	59.447
14	116000000		14	59.999
14	117000000		14	60.434
14	118000000		14	61.564
14	119000000		14	62.613
14	120000000		14	63.565
14	121000000		14	64.832
14	122000000		14	65.789
14	123000000		14	66.038
14	124000000		14	66.232
15	1		15	0.000
15	1000000		15	0.508
15	2000000		15	1.016
15	3000000		15	1.524
15	4000000		15	1.902
15	5000000		15	1.983
15	6000000		15	2.055
15	7000000		15	3.319
15	8000000		15	3.661
15	9000000		15	3.975
15	10000000		15	4.878
15	11000000		15	5.475
15	12000000		15	5.796
15	13000000		15	6.094
15	14000000		15	7.073
15	15000000		15	7.718
15	16000000		15	7.808
15	17000000		15	7.891
15	18000000		15	7.963
15	19000000		15	8.101
15	20000000		15	8.236
15	21000000		15	8.262
15	22000000		15	8.335
15	23000000		15	8.765
15	24000000		15	8.930
15	25000000		15	9.117
15	26000000		15	9.640
15	27000000		15	9.978
15	28000000		15	10.666
15	29000000		15	11.871
15	30000000		15	12.007
15	31000000		15	12.617
15	32000000		15	13.085
15	33000000		15	13.738
15	34000000		15	13.957
15	35000000		15	14.370
15	36000000		15	14.472
15	37000000		15	14.651
15	38000000		15	15.116
15	39000000		15	15.194
15	40000000		15	15.614
15	41000000		15	15.935
15	42000000		15	16.420
15	43000000		15	16.735
15	44000000		15	16.820
15	45000000		15	17.104
15	46000000		15	17.538
15	47000000		15	17.764
15	48000000		15	18.107
15	49000000		15	18.568
15	50000000		15	18.737
15	51000000		15	19.216
15	52000000		15	19.529
15	53000000		15	20.003
15	54000000		15	21.163
15	55000000		15	21.766
15	56000000		15	22.743
15	57000000		15	23.711
15	58000000		15	24.189
15	59000000		15	25.099
15	60000000		15	25.585
15	61000000		15	25.721
15	62000000		15	26.241
15	63000000		15	26.956
15	64000000		15	28.346
15	65000000		15	29.034
15	66000000		15	29.154
15	67000000		15	29.312
15	68000000		15	29.430
15	69000000		15	30.491
15	70000000		15	32.172
15	71000000		15	32.192
15	72000000		15	32.454
15	73000000		15	33.893
15	74000000		15	34.083
15	75000000		15	34.274
15	76000000		15	35.142
15	77000000		15	36.329
15	78000000		15	36.919
15	79000000		15	37.668
15	80000000		15	37.840
15	81000000		15	37.959
15	82000000		15	38.354
15	83000000		15	38.867
15	84000000		15	39.559
15	85000000		15	40.228
15	86000000		15	40.497
15	87000000		15	41.086
15	88000000		15	42.473
15	89000000		15	44.508
15	90000000		15	45.024
15	91000000		15	45.932
15	92000000		15	46.313
15	93000000		15	47.074
15	94000000		15	47.946
15	95000000		15	49.125
15	96000000		15	51.134
15	97000000		15	52.774
15	98000000		15	53.978
15	99000000		15	55.586
15	100000000		15	56.204
15	101000000		15	56.473
15	102000000		15	57.198
15	103000000		15	58.063
15	104000000		15	59.275
16	1		16	0.000
16	1000000		16	0.588
16	2000000		16	1.177
16	3000000		16	1.765
16	4000000		16	2.353
16	5000000		16	2.489
16	6000000		16	2.687
16	7000000		16	3.374
16	8000000		16	3.525
16	9000000		16	4.788
16	10000000		16	5.436
16	11000000		16	6.298
16	12000000		16	6.851
16	13000000		16	8.714
16	14000000		16	9.669
16	15000000		16	9.986
16	16000000		16	10.343
16	17000000		16	10.849
16	18000000		16	11.356
16	19000000		16	11.862
16	20000000		16	12.336
16	21000000		16	12.570
16	22000000		16	12.976
16	23000000		16	13.833
16	24000000		16	15.456
16	25000000		16	16.735
16	26000000		16	17.666
16	27000000		16	18.597
16	28000000		16	19.305
16	29000000		16	19.857
16	30000000		16	20.987
16	31000000		16	21.375
16	32000000		16	22.453
16	33000000		16	23.540
16	34000000		16	24.276
16	35000000		16	24.531
16	36000000		16	25.442
16	37000000		16	26.154
16	38000000		16	26.526
16	39000000		16	26.946
16	40000000		16	27.495
16	41000000		16	28.037
16	42000000		16	28.345
16	43000000		16	28.422
16	44000000		16	28.770
16	45000000		16	29.317
16	46000000		16	30.309
16	47000000		16	30.577
16	48000000		16	30.685
16	49000000		16	30.791
16	50000000		16	31.264
16	51000000		16	31.804
16	52000000		16	32.805
16	53000000		16	32.920
16	54000000		16	33.109
16	55000000		16	33.522
16	56000000		16	33.882
16	57000000		16	34.178
16	58000000		16	34.340
16	59000000		16	34.779
16	60000000		16	35.827
16	61000000		16	36.070
16	62000000		16	36.378
16	63000000		16	36.462
16	64000000		16	36.816
16	65000000		16	37.127
16	66000000		16	37.546
16	67000000		16	38.482
16	68000000		16	39.038
16	69000000		16	39.589
16	70000000		16	40.101
16	71000000		16	40.375
16	72000000		16	40.722
16	73000000		16	41.288
16	74000000		16	42.237
16	75000000		16	42.926
16	76000000		16	43.457
16	77000000		16	44.381
16	78000000		16	44.903
16	79000000		16	45.421
16	80000000		16	45.720
16	81000000		16	45.967
16	82000000		16	46.411
16	83000000		16	46.832
16	84000000		16	46.888
16	85000000		16	47.286
16	86000000		16	48.558
16	87000000		16	49.237
16	88000000		16	50.325
16	89000000		16	51.409
16	90000000		16	51.525
16	91000000		16	52.388
16	92000000		16	53.408
16	93000000		16	54.059
16	94000000		16	55.030
16	95000000		16	55.628
16	96000000		16	56.772
16	97000000		16	57.171
16	98000000		16	57.783
17	1		17	0.000
17	1000000		17	0.643
17	2000000		17	1.286
17	3000000		17	1.930
17	4000000		17	2.137
17	5000000		17	2.864
17	6000000		17	3.723
17	7000000		17	4.581
17	8000000		17	4.829
17	9000000		17	5.511
17	10000000		17	7.662
17	11000000		17	7.791
17	12000000		17	8.247
17	13000000		17	8.679
17	14000000		17	8.833
17	15000000		17	9.045
17	16000000		17	9.421
17	17000000		17	9.804
17	18000000		17	10.260
17	19000000		17	10.716
17	20000000		17	11.171
17	21000000		17	11.430
17	22000000		17	11.486
17	23000000		17	11.542
17	24000000		17	12.187
17	25000000		17	12.515
17	26000000		17	13.050
17	27000000		17	13.691
17	28000000		17	14.622
17	29000000		17	15.064
17	30000000		17	15.589
17	31000000		17	15.795
17	32000000		17	17.321
17	33000000		17	17.766
17	34000000		17	18.144
17	35000000		17	18.538
17	36000000		17	18.863
17	37000000		17	19.078
17	38000000		17	19.177
17	39000000		17	19.312
17	40000000		17	19.446
17	41000000		17	19.562
17	42000000		17	19.626
17	43000000		17	19.700
17	44000000		17	20.165
17	45000000		17	21.799
17	46000000		17	22.724
17	47000000		17	22.914
17	48000000		17	23.885
17	49000000		17	24.775
17	50000000		17	25.830
17	51000000		17	26.559
17	52000000		17	27.157
17	53000000		17	27.660
17	54000000		17	28.172
17	55000000		17	28.684
17	56000000		17	29.197
17	57000000		17	29.709
17	58000000		17	30.222
17	59000000		17	30.734
17	60000000		17	31.247
17	61000000		17	31.759
17	62000000		17	32.271
17	63000000		17	32.653
17	64000000		17	33.109
17	65000000		17	34.370
17	66000000		17	35.268
17	67000000		17	38.427
17	68000000		17	39.008
17	69000000		17	39.969
17	70000000		17	40.875
17	71000000		17	41.753
17	72000000		17	44.040
17	73000000		17	44.777
17	74000000		17	45.311
17	75000000		17	46.267
17	76000000		17	47.237
17	77000000		17	47.756
17	78000000		17	48.259
17	79000000		17	49.830
17	80000000		17	50.481
17	81000000		17	51.092
17	82000000		17	51.838
17	83000000		17	52.230
17	84000000		17	54.898
17	85000000		17	55.172
17	86000000		17	56.536
17	87000000		17	56.940
17	88000000		17	57.882
17	89000000		17	58.818
17	90000000		17	59.787
17	91000000		17	60.371
17	92000000		17	60.510
17	93000000		17	60.619
17	94000000		17	60.919
18	1		18	0.000
18	1000000		18	0.655
18	2000000		18	1.309
18	3000000		18	1.964
18	4000000		18	2.474
18	5000000		18	3.011
18	6000000		18	4.460
18	7000000		18	4.528
18	8000000		18	4.623
18	9000000		18	4.783
18	10000000		18	5.086
18	11000000		18	5.609
18	12000000		18	5.975
18	13000000		18	6.879
18	14000000		18	7.834
18	15000000		18	8.355
18	16000000		18	9.887
18	17000000		18	10.332
18	18000000		18	10.595
18	19000000		18	10.813
18	20000000		18	11.129
18	21000000		18	11.740
18	22000000		18	11.946
18	23000000		18	12.031
18	24000000		18	12.655
18	25000000		18	13.490
18	26000000		18	14.742
18	27000000		18	15.499
18	28000000		18	16.337
18	29000000		18	16.763
18	30000000		18	17.272
18	31000000		18	17.697
18	32000000		18	17.914
18	33000000		18	18.134
18	34000000		18	18.334
18	35000000		18	18.830
18	36000000		18	19.366
18	37000000		18	19.487
18	38000000		18	19.882
18	39000000		18	21.014
18	40000000		18	21.236
18	41000000		18	21.377
18	42000000		18	22.153
18	43000000		18	23.021
18	44000000		18	23.611
18	45000000		18	23.912
18	46000000		18	24.459
18	47000000		18	24.977
18	48000000		18	25.316
18	49000000		18	25.972
18	50000000		18	27.179
18	51000000		18	27.708
18	52000000		18	28.162
18	53000000		18	28.313
18	54000000		18	29.123
18	55000000		18	29.315
18	56000000		18	30.087
18	57000000		18	31.290
18	58000000		18	32.257
18	59000000		18	33.867
18	60000000		18	34.357
18	61000000		18	34.402
18	62000000		18	34.902
18	63000000		18	36.038
18	64000000		18	37.140
18	65000000		18	37.954
18	66000000		18	39.164
18	67000000		18	39.816
18	68000000		18	40.138
18	69000000		18	42.717
18	70000000		18	43.897
18	71000000		18	44.888
18	72000000		18	45.681
18	73000000		18	46.053
18	74000000		18	50.318
18	75000000		18	50.952
18	76000000		18	51.374
18	77000000		18	52.035
18	78000000		18	52.442
18	79000000		18	52.809
18	80000000		18	53.271
18	81000000		18	54.124
18	82000000		18	55.610
18	83000000		18	56.409
18	84000000		18	57.376
18	85000000		18	57.721
18	86000000		18	58.180
18	87000000		18	58.462
18	88000000		18	58.717
18	89000000		18	58.932
18	90000000		18	59.340
19	1		19	0.000
19	1000000		19	0.928
19	2000000		19	1.856
19	3000000		19	2.784
19	4000000		19	3.712
19	5000000		19	4.214
19	6000000		19	4.381
19	7000000		19	5.177
19	8000000		19	5.381
19	9000000		19	6.041
19	10000000		19	6.386
19	11000000		19	7.537
19	12000000		19	8.577
19	13000000		19	8.724
19	14000000		19	8.941
19	15000000		19	10.198
19	16000000		19	10.915
19	17000000		19	12.399
19	18000000		19	12.996
19	19000000		19	13.369
19	20000000		19	13.703
19	21000000		19	14.038
19	22000000		19	15.827
19	23000000		19	17.658
19	24000000		19	19.028
19	25000000		19	19.912
19	26000000		19	20.849
19	27000000		19	21.531
19	28000000		19	22.547
19	29000000		19	23.563
19	30000000		19	24.656
19	31000000		19	25.682
19	32000000		19	26.605
19	33000000		19	29.065
19	34000000		19	29.302
19	35000000		19	29.794
19	36000000		19	30.695
19	37000000		19	32.066
19	38000000		19	32.597
19	39000000		19	33.449
19	40000000		19	34.246
19	41000000		19	34.287
19	42000000		19	35.545
19	43000000		19	36.607
19	44000000		19	36.713
19	45000000		19	38.207
19	46000000		19	38.803
19	47000000		19	39.210
19	48000000		19	40.880
19	49000000		19	43.161
19	50000000		19	44.846
19	51000000		19	45.167
19	52000000		19	46.207
19	53000000		19	47.092
19	54000000		19	49.021
19	55000000		19	50.617
19	56000000		19	51.683
19	57000000		19	52.074
19	58000000		19	53.924
19	59000000		19	54.567
19	60000000		19	56.361
19	61000000		19	56.763
